1 0 0 0 0 0 -1 0 0 1 0 0 0 0 0 1

0000000000000000000000004e631abb
__Meshes__\g11018_rock_02_2Shape.mesh
1 0 0 -30000.0059 0 1 0 0 0 0 1 0.00226794858 0 0 0 1
1 1 1
NotShiny

00000000000000000000000075317ed4
__Meshes__\g11018_rock_04_1Shape.mesh
1 0 0 -30000.0059 0 1 0 0 0 0 1 0.00226794858 0 0 0 1
1 1 1
NotShiny

0000000000000000000000007ab99a2c
__Meshes__\nolowmap_branch01_LOD0Shape.mesh
1 0 0 -30000.0059 0 1 0 0 0 0 1 0.00226794858 0 0 0 1
1 1 1
NotShiny

000000000000000000000000557e49fa
__Meshes__\g10919_dummyShape.mesh
1 0 0 0 0 1 0 0 0 0 1 0 0 0 0 1
1 1 1
NotShiny

000000000000000000000000456f36b1
__Meshes__\g11018_ground_LODShape0.mesh
1 0 0 0 0 1 0 0 0 0 1 0 0 0 0 1
1 1 1
NotShiny

0000000000000000000000005eb535bd
__Meshes__\g11018_rock_04_2Shape.mesh
1 0 0 -30000.0059 0 1 0 0 0 0 1 0.00226794858 0 0 0 1
1 1 1
NotShiny

0000000000000000000000002cf8ad07
__Meshes__\g11018_rock_01_1Shape.mesh
1 0 0 0 0 1 0 0 0 0 1 0 0 0 0 1
1 1 1
NotShiny

0000000000000000000000003977b762
__Meshes__\bg3012_01_b_A_LOD0Shape.mesh
1 0 0 -30000.0059 0 1 0 0 0 0 1 0.00226794858 0 0 0 1
1 1 1
NotShiny

0000000000000000000000000b493047
__Meshes__\sukima02_LOD0Shape.mesh
1 0 0 0 0 1 0 0 0 0 1 0 0 0 0 1
1 1 1
NotShiny

000000000000000000000000123d4eae
__Meshes__\nolowmap_doukutsu_hekimen_LODShape0.mesh
1 0 0 -30000.0059 0 1 0 0 0 0 1 0.00226794858 0 0 0 1
1 1 1
NotShiny

00000000000000000000000010d361e5
__Meshes__\g11018_rock_02_1_Shape1.mesh
1 0 0 0 0 1 0 0 0 0 1 7.08835768e-013 0 0 0 1
1 1 1
NotShiny

00000000000000000000000052e795b0
__Meshes__\g11018_rock_02_1_Shape2.mesh
1 0 0 0 0 1 0 0 0 0 1 0 0 0 0 1
1 1 1
NotShiny

00000000000000000000000039354ee6
__Meshes__\g10918_ground_LOD0Shape.mesh
1 0 0 0 0 1 0 0 0 0 1 0 0 0 0 1
1 1 1
NotShiny

000000000000000000000000338ec6ac
__Meshes__\g10919_ground_LOD0Shape.mesh
1 0 0 0 0 1 0 0 0 0 1 0 0 0 0 1
1 1 1
NotShiny

00000000000000000000000050125f0c
__Meshes__\g11017_ground_LOD0Shape.mesh
1 0 0 0 0 1 0 0 0 0 1 0 0 0 0 1
1 1 1
NotShiny

00000000000000000000000030acae83
__Meshes__\g11117_ground_LOD0Shape.mesh
1 0 0 0 0 1 0 0 0 0 1 0 0 0 0 1
1 1 1
NotShiny

0000000000000000000000004949913d
__Meshes__\g11017_dummyShape.mesh
1 0 0 0 0 1 0 0 0 0 1 0 0 0 0 1
1 1 1
NotShiny

00000000000000000000000034f9d921
__Meshes__\g10918_dummyShape.mesh
1 0 0 0 0 1 0 0 0 0 1 0 0 0 0 1
1 1 1
NotShiny

0000000000000000000000002a8452ea
__Meshes__\nolowmap_rocktest_koishi_02_LOD0Shape.mesh
1 0 0 0 0 1 0 0 0 0 1 0 0 0 0 1
1 1 1
NotShiny

000000000000000000000000448f572d
__Meshes__\nolowmap_koishi_small_LOD0Shape.mesh
1 0 0 0 0 1 0 0 0 0 1 0 0 0 0 1
1 1 1
NotShiny

00000000000000000000000052d4d3a1
__Meshes__\g11018_rock_03_1Shape.mesh
1 0 0 -30000.0059 0 1 0 0 0 0 1 0.00226794858 0 0 0 1
1 1 1
NotShiny

00000000000000000000000027d19589
__Meshes__\g11018_rock_03_2Shape.mesh
1 0 0 -30000.0059 0 1 0 0 0 0 1 0.00226794858 0 0 0 1
1 1 1
NotShiny

0000000000000000000000003b732309
__Meshes__\nolowmap_rocktest_koishi_LOD0Shape.mesh
1 0 0 0 0 1 0 0 0 0 1 0 0 0 0 1
1 1 1
NotShiny

00000000000000000000000074395cb2
__Meshes__\g11018_rock_01_2Shape.mesh
1 0 0 0 0 1 0 0 0 0 1 0 0 0 0 1
1 1 1
NotShiny

0000000000000000000000005db2b088
__Meshes__\g11117_dummyShape.mesh
1 0 0 0 0 1 0 0 0 0 1 0 0 0 0 1
1 1 1
NotShiny

Volumes:

0000000000000000000000004e28ee84
-38383.5313 1000 -494.367737
0.99999994 0 0
0 0.99999994 0
0 0 1
2615.23608 1500 3755.83887

0000000000000000000000005d5c2028
-35044.1563 1000 -434.736084
0.99999994 0 0
0 0.99999994 0
0 0 1
4030.95435 1500 8340.2041

0000000000000000000000000a18cedd
-34913.0508 1200 -8018.58154
0.99999994 0 0
0 0.99999994 0
0 0 1
3825.11694 1500 6800.47168

0000000000000000000000006f13b418
-30007.7715 1400 -8018.58154
0.999999881 0 0
0 0.99999994 0
0 0 1.00000012
6054.76807 1500 3348.74805

0000000000000000000000001457e282
-25102.4922 1400 -7000.50439
0.99999994 0 0
0 0.99999994 0
0 0 1
3822.96533 1500 5395.64209

0000000000000000000000003539da64
-29547.666 2000 -3769.66992
1 0 0
0 0.99999994 0
0 0 1
3352.74731 3000 3333.88965

0000000000000000000000001a633ccf
-34161.355