_\g11614_g11614_rock04_LOD0Shape.mesh
1 0 0 75000 0 1 0 0 0 0 1 -8660 0 0 0 1
1 1 1
NotShiny

0000000000000000000000000ba2395e
__Meshes__\polySurfaceShape29.mesh
1 0 0 75000 0 1 0 0 0 0 1 -8660 0 0 0 1
1 1 1
NotShiny

00000000000000000000000037776f27
__Meshes__\g11714_g11614_ruin_LOD0Shape.mesh
1 0 0 0 0 1 0 0 0 0 1 0 0 0 0 1
1 1 1
NotShiny

000000000000000000000000329a7540
__Meshes__\g11614_g11614_ruin_stair_LOD0Shape.mesh
1 0 0 75000 0 1 0 0 0 0 1 -8660 0 0 0 1
1 1 1
NotShiny

000000000000000000000000080e61b3
__Meshes__\g11614_g11614_trunk01_LOD0Shape.mesh
1 0 0 75000 0 1 0 0 0 0 1 -8660 0 0 0 1
1 1 1
NotShiny

0000000000000000000000007ea17f82
__Meshes__\g11614_g11614_trunk02_LOD0Shape.mesh
1 0 0 75000 0 1 0 0 0 0 1 -8660 0 0 0 1
1 1 1
NotShiny

0000000000000000000000003082ed33
__Meshes__\g11614_g11614_trunk03_LOD0Shape.mesh
1 0 0 75000 0 1 0 0 0 0 1 -8660 0 0 0 1
1 1 1
NotShiny

00000000000000000000000060cbe107
__Meshes__\g11614_g11614_trunk04_LOD0Shape.mesh
1 0 0 75000 0 1 0 0 0 0 1 -8660 0 0 0 1
1 1 1
NotShiny

0000000000000000000000000280fa8d
__Meshes__\g11614_g11614_trunk05_LOD0Shape.mesh
1 0 0 75000 0 1 0 0 0 0 1 -8660 0 0 0 1
1 1 1
NotShiny

0000000000000000000000001059585c
__Meshes__\g11713_g11713_eda_LOD0Shape.mesh
1 0 0 75000 0 1 0 0 0 0 1 -8660 0 0 0 1
1 1 1
NotShiny

000000000000000000000000659ec3a5
__Meshes__\g11713_g11713_gate_LOD0Shape.mesh
1 0 0 75000 0 1 0 0 0 0 1 -8660 0 0 0 1
1 1 1
NotShiny

0000000000000000000000006c6e03ca
__Meshes__\g11713_g11713_ground_LOD0Shape.mesh
1 0 0 75000 0 1 0 0 0 0 1 -8660 0 0 0 1
1 1 1
NotShiny

0000000000000000000000004ec87b6b
__Meshes__\g11713_g11713_outsidewall_LOD0Shape.mesh
1 0 0 75000 0 1 0 0 0 0 1 -8660 0 0 0 1
1 1 1
NotShiny

0000000000000000000000000de0cee4
__Meshes__\g11713_g11713_ruin_LOD0Shape.mesh
1 0 0 75000 0 1 0 0 0 0 1 -8660 0 0 0 1
1 1 1
NotShiny

000000000000000000000000570ddc91
__Meshes__\g11813_g11813_cliff2_LOD0Shape.mesh
1 0 0 75000 0 1 0 0 0 0 1 -8660 0 0 0 1
1 1 1
NotShiny

0000000000000000000000000fc527a7
__Meshes__\g11813_g11813_ground_LOD0Shape.mesh
1 0 0 75000 0 1 0 0 0 0 1 -8660 0 0 0 1
1 1 1
NotShiny

0000000000000000000000005f9b2ae1
__Meshes__\g11813_g11713_cliff2_LOD0Shape.mesh
1 0 0 75000 0 1 0 0 0 0 1 -8660 0 0 0 1
1 1 1
NotShiny

000000000000000000000000714bf28d
__Meshes__\g11813_g11713_ground_LOD0Shape.mesh
1 0 0 75000 0 1 0 0 0 0 1 -8660 0 0 0 1
1 1 1
NotShiny

0000000000000000000000005828c5cc
__Meshes__\g11615_Trees615_01_1_LOD0Shape.mesh
1 0 0 75000 0 1 0 0 0 0 1 -8660 0 0 0 1
1 1 1
NotShiny

0000000000000000000000000e57c4df
__Meshes__\g11615_Trees615_06_1_LOD0Shape.mesh
1 0 0 75000 0 1 0 0 0 0 1 -8660 0 0 0 1
1 1 1
NotShiny

0000000000000000000000004cd4abb5
__Meshes__\g11615_Trees615_06_2_LOD0Shape.mesh
1 0 0 75000 0 1 0 0 0 0 1 -8660 0 0 0 1
1 1 1
NotShiny

0000000000000000000000000dd7947b
__Meshes__\g11615_Trees615_06_3_LOD0Shape.mesh
1 0 0 75000 0 1 0 0 0 0 1 -8660 0 0 0 1
1 1 1
NotShiny

00000000000000000000000061872211
__Meshes__\g11615_Trees615_06_4_LOD0Shape.mesh
1 0 0 75000 0 1 0 0 0 0 1 -8660 0 0 0 1
1 1 1
NotShiny

000000000000000000000000070a19e3
__Meshes__\g11615_Trees615_07_1_LOD0Shape.mesh
1 0 0 75000 0 1 0 0 0 0 1 -8660 0 0 0 1
1 1 1
NotShiny

000000000000000000000000050e38df
__Meshes__\g11615_Trees615_07_2_LOD0Shape.mesh
1 0 0 75000 0 1 0 0 0 0 1 -8660 0 0 0 1
1 1 1
NotShiny

0000000000000000000000000745674e
__Meshes__\g11615_Trees615_07_3_LOD0Shape.mesh
1 0 0 75000 0 1 0 0 0 0 1 -8660 0 0 0 1
1 1 1
NotShiny

0000000000000000000000003b2367ee
__Meshes__\g11615_Trees615_08_1_LOD0Shape.mesh
1 0 0 75000 0 1 0 0 0 0 1 -8660 0 0 0 1
1 1 1
NotShiny

00000000000000000000000060e901f7
__Meshes__\g11615_Trees615_08_2_LOD0Shape.mesh
1 0 0 75000 0 1 0 0 0 0 1 -8660 0 0 0 1
1 1 1
NotShiny

00000000000000000000000033cd5ae6
__Meshes__\g11615_asiba615_LOD0Shape.mesh
1 0 0 75000 0 1 0 0 0 0 1 -8660 0 0 0 1
1 1 1
NotShiny

00000000000000000000000022ff09ea
__Meshes__\g11615_ground_11615_01_LOD0Shape.mesh
1 0 0 75000 0 1 0 0 0 0 1 -8660 0 0 0 1
1 1 1
NotShiny

00000000000000000000000031f07fbd
__Meshes__\g11615_kusa615_LOD0Shape.mesh
1 0 0 75000 0 1 0 0 0 0 1 -8660 0 