5654443 0.4662797 0.092819
0.5687816 0.4662797 0.092819
0.092819 0.4745834 0.092819
0.2262531 0.4745834 0.092819
0.2875993 0.4745834 0.092819
0.3262122 0.4745834 0.092819
0.3544566 0.4745834 0.092819
0.3767383 0.4745834 0.092819
0.3951413 0.4745834 0.092819
0.4108177 0.4745834 0.092819
0.4244723 0.4745834 0.092819
0.4365675 0.4745834 0.092819
0.4474232 0.4745834 0.092819
0.45727 0.4745834 0.092819
0.4662797 0.4745834 0.092819
0.4745834 0.4745834 0.092819
0.4822838 0.4745834 0.092819
0.4894626 0.4745834 0.092819
0.4961862 0.4745834 0.092819
0.5025087 0.4745834 0.092819
0.5084753 0.4745834 0.092819
0.514124 0.4745834 0.092819
0.519487 0.4745834 0.092819
0.5245917 0.4745834 0.092819
0.529462 0.4745834 0.092819
0.5341183 0.4745834 0.092819
0.5385787 0.4745834 0.092819
0.5428591 0.4745834 0.092819
0.5469733 0.4745834 0.092819
0.5509339 0.4745834 0.092819
0.5547519 0.4745834 0.092819
0.5584371 0.4745834 0.092819
0.5619986 0.4745834 0.092819
0.5654443 0.4745834 0.092819
0.5687816 0.4745834 0.092819
0.092819 0.4822838 0.092819
0.2262531 0.4822838 0.092819
0.2875993 0.4822838 0.092819
0.3262122 0.4822838 0.092819
0.3544566 0.4822838 0.092819
0.3767383 0.4822838 0.092819
0.3951413 0.4822838 0.092819
0.4108177 0.4822838 0.092819
0.4244723 0.4822838 0.092819
0.4365675 0.4822838 0.092819
0.4474232 0.4822838 0.092819
0.45727 0.4822838 0.092819
0.4662797 0.4822838 0.092819
0.4745834 0.4822838 0.092819
0.4822838 0.4822838 0.092819
0.4894626 0.4822838 0.092819
0.4961862 0.4822838 0.092819
0.5025087 0.4822838 0.092819
0.5084753 0.4822838 0.092819
0.514124 0.4822838 0.092819
0.519487 0.4822838 0.092819
0.5245917 0.4822838 0.092819
0.529462 0.4822838 0.092819
0.5341183 0.4822838 0.092819
0.5385787 0.4822838 0.092819
0.5428591 0.4822838 0.092819
0.5469733 0.4822838 0.092819
0.5509339 0.4822838 0.092819
0.5547519 0.4822838 0.092819
0.5584371 0.4822838 0.092819
0.5619986 0.4822838 0.092819
0.5654443 0.4822838 0.092819
0.5687816 0.4822838 0.092819
0.092819 0.4894626 0.092819
0.2262531 0.4894626 0.092819
0.2875993 0.4894626 0.092819
0.3262122 0.4894626 0.092819
0.3544566 0.4894626 0.092819
0.3767383 0.4894626 0.092819
0.3951413 0.4894626 0.092819
0.4108177 0.4894626 0.092819
0.4244723 0.4894626 0.092819
0.4365675 0.4894626 0.092819
0.4474232 0.4894626 0.092819
0.45727 0.4894626 0.092819
0.4662797 0.4894626 0.092819
0.4745834 0.4894626 0.092819
0.4822838 0.4894626 0.092819
0.4894626 0.4894626 0.092819
0.4961862 0.4894626 0.092819
0.5025087 0.4894626 0.092819
0.5084753 0.4894626 0.092819
0.514124 0.4894626 0.092819
0.519487 0.4894626 0.092819
0.5245917 0.4894626 0.092819
0.529462 0.4894626 0.092819
0.5341183 0.4894626 0.092819
0.5385787 0.4894626 0.092819
0.5428591 0.4894626 0.092819
0.5469733 0.4894626 0.092819
0.5509339 0.4894626 0.092819
0.5547519 0.4894626 0.092819
0.5584371 0.4894626 0.092819
0.5619986 0.4894626 0.092819
0.5654443 0.4894626 0.092819
0.5687816 0.4894626 0.092819
0.092819 0.4961862 0.092819
0.2262531 0.4961862 0.092819
0.2875993 0.4961862 0.092819
0.3262122 0.4961862 0.092819
0.3544566 0.4961862 0.092819
0.3767383 0.4961862 0.092819
0.3951413 0.4961862 0.092819
0.4108177 0.4961862 0.092819
0.4244723 0.4961862 0.092819
0.4365675 0.4961862 0.092819
0.4474232 0.4961862 0.092819
0.45727 0.4961862 0.092819
0.4662797 0.4961862 0.092819
0.4745834 0.4961862 0.092819
0.4822838 0.4961862 0.092819
0.4894626 0.4961862 0.092819
0.4961862 0.4961862 0.092819
0.5025087 0.4961862 0.092819
0.5084753 0.4961862 0.092819
0.514124 0.4961862 0.092819
0.519487 0.4961862 0.092819
0.5245917 0.4961862 0.092819
0.529462 0.4961862 0.092819
0.5341183 0.4961862 0.092819
0.5385787 0.4961862 0.092819
0.5428591 0.4961862 0.092819
0.5469733 0.4961862 0.092819
0.5509339 0.4961862 0.092819
0.5547519 0.4961862 0.092819
0.5584371 0.4961862 0.092819
0.5619986 0.4961862 0.092819
0.5654443 0.4961862 0.092819
0.5687816 0.4961862 0.092819
0.092819 0.5025087 0.092819
0.2262531 0.5025087 0.092819
0.2875993 0.5025087 0.092819
0.3262122 0.5025087 0.092819
0.3544566 0.5025087 0.092819
0.3767383 0.5025087 0.092819
0.3951413 0.5025087 0.092819
0.4108177 0.5025087 0.092819
0.4244723 0.5025087 0.092819
0.4365675 0.5025087 0.092819
0.4474232 0.5025087 0.092819
0.45727 0.5025087 0.092819
0.4662797 0.5025087 0.092819
0.4745834 0.5025087 0.092819
0.4822838 0.5025087 0.092819
0.4894626 0.5025087 0.092819
0.4961862 0.5025087 0.092819
0.5025087 0.5025087 0.092819
0.5084753 0.5025087 0.092819
0.514124 0.5025087 0.092819
0.519487 0.5025087 0.092819
0.5245917 0.5025087 0.092819
0.529462 0.5025087 0.092819
0.5341183 0.5025087 0.092819
0.5385787 0.5025087 0.092819
0.5428591 0.5025087 0.092819
0.5469733 0.5025087 0.092819
0.5509339 0.5025087 0.092819
0.5547519 0.5025087 0.092819
0.5584371 0.5025087 0.092819
0.5619986 0.5025087 0.092819
0.5654443 0.5025087 0.092819
0.5687816 0.5025087 0.092819
0.092819 0.5084753 0.092819
0.2262531 0.5084753 0.092819
0.2875993 0.5084753 0.092819
0.3262122 0.5084753 0.092819
0.3544566 0.5084753 0.092819
0.3767383 0.5084753 0.092819
0.3951413 0.5084753 0.092819
0.4108177 0.5084753 0.092819
0.4244723 0.5084753 0.092819
0.4365675 0.5084753 0.092819
0.4474232 0.5084753 0.092819
0.45727 0.5084753 0.092819
0.4662797 0.5084753 0.092819
0.4745834 0.5084753 0.092819
0.4822838 0.5084753 0.092819
0.4894626 0.5084753 0.092819
0.4961862 0.5084753 0.092819
0.5025087 0.5084753 0.092819
0.5084753 0.5084753 0.092819
0.514124 0.5084753 0.092819
0.519487 0.5084753 0.092819
0.5245917 0.5084753 0.092819
0.529462 0.5084753 0.092819
0.5341183 0.5084753 0.092819
0.5385787 0.5084753 0.092819
0.5428591 0.5084753 0.092819
0.5469733 0.5084753 0.092819
0.5509339 0.5084753 0.092819
0.5547519 0.5084753 0.092819
0.5584371 0.5084753 0.092819
0.5619986 0.5084753 0.092819
0.5654443 0.5084753 0.092819
0.5687816 0.5084753 0.092819
0.092819 0.514124 0.092819
0.2262531 0.514124 0.092819
0.2875993 0.514124 0.092819
0.3262122 0.514124 0.092819
0.3544566 0.514124 0.092819
0.3767383 0.514124 0.092819
0.3951413 0.514124 0.092819
0.4108177 0.514124 0.092819
0.4244723 0.514124 0.092819
0.4365675 0.514124 0.092819
0.4474232 0.514124 0.092819
0.45727 0.514124 0.092819
0.4662797 0.514124 0.092819
0.4745834 0.514124 0.092819
0.4822838 0.514124 0.092819
0.4894626 0.514124 0.092819
0.4961862 0.514124 0.092819
0.5025087 0.514124 0.092819
0.5084753 0.514124 0.092819
0.514124 0.514124 0.092819
0.519487 0.514124 0.092819
0.5245917 0.514124 0.092819
0.529462 0.514124 0.092819
0.5341183 0.514124 0.092819
0.5385787 0.514124 0.092819
0.5428591 0.514124 0.092819
0.5469733 0.514124 0.092819
0.5509339 0.514124 0.092819
0.5547519 0.514124 0.092819
0.5584371 0.514124 0.092819
0.5619986 0.514124 0.092819
0.5654443 0.514124 0.092819
0.5687816 0.514124 0.092819
0.092819 0.519487 0.092819
0.2262531 0.519487 0.092819
0.2875993 0.519487 0.092819
0.3262122 0.519487 0.092819
0.3544566 0.519487 0.092819
0.3767383 0.519487 0.092819
0.3951413 0.519487 0.092819
0.4108177 0.519487 0.092819
0.4244723 0.519487 0.092819
0.4365675 0.519487 0.092819
0.4474232 0.519487 0.092819
0.45727 0.519487 0.092819
0.4662797 0.519487 0.092819
0.4745834 0.519487 0.092819
0.4822838 0.519487 0.092819
0.4894626 0.519487 0.092819
0.4961862 0.519487 0.092819
0.5025087 0.519487 0.092819
0.5084753 0.519487 0.092819
0.514124 0.519487 0.092819
0.519487 0.519487 0.092819
0.5245917 0.519487 0.092819
0.529462 0.519487 0.092819
0.5341183 0.519487 0.092819
0.5385787 0.519487 0.092819
0.5428591 0.519487 0.092819
0.5469733 0.519487 0.092819
0.5509339 0.519487 0.092819
0.5547519 0.519487 0.092819
0.5584371 0.519487 0.092819
0.5619986 0.519487 0.092819
0.5654443 0.519487 0.092819
0.5687816 0.519487 0.092819
0.092819 0.5245917 0.092819
0.2262531 0.5245917 0.092819
0.2875993 0.5245917 0.092819
0.3262122 0.5245917 0.092819
0.3544566 0.5245917 0.092819
0.3767383 0.5245917 0.092819
0.3951413 0.5245917 0.092819
0.4108177 0.5245917 0.092819
0.4244723 0.5245917 0.092819
0.4365675 0.5245917 0.092819
0.4474232 0.5245917 0.092819
0.45727 0.5245917 0.092819
0.4662797 0.5245917 0.092819
0.4745834 0.5245917 