1 0 0 0 0 0 -1 0 0 1 0 0 0 0 0 1

000000000000000000000000572bb281
__Meshes__\g11613_ground_LOD0Shape.mesh
1 0 0 0 0 1 0 0 0 0 1 0 0 0 0 1
1 1 1
NotShiny

00000000000000000000000074307dae
__Meshes__\g11613_ground_cliff_LOD0Shape.mesh
1 0 0 0 0 1 0 0 0 0 1 0 0 0 0 1
1 1 1
NotShiny

0000000000000000000000000caf5108
__Meshes__\g11613_polytree_LOD0Shape.mesh
1 0 0 0 0 1 0 0 0 0 1 0 0 0 0 1
1 1 1
NotShiny

0000000000000000000000006fcd8873
__Meshes__\g11613_eda1_LOD0Shape.mesh
1 0 0 0 0 1 0 0 0 0 1 0 0 0 0 1
1 1 1
NotShiny

0000000000000000000000003fc63607
__Meshes__\g11613_trunk_LOD0Shape.mesh
1 0 0 0 0 1 0 0 0 0 1 0 0 0 0 1
1 1 1
NotShiny

00000000000000000000000004d19bd8
__Meshes__\g11613_bridge1_LOD0Shape.mesh
1 0 0 0 0 1 0 0 0 0 1 0 0 0 0 1
1 1 1
NotShiny

0000000000000000000000004f8f942d
__Meshes__\g11613_bridge2_LOD0Shape.mesh
1 0 0 0 0 1 0 3.30872245e-024 0 0 1 0 0 0 0 1
1 1 1
NotShiny

00000000000000000000000037d77b68
__Meshes__\g11613_ruin_LOD0Shape.mesh
1 0 0 0 0 1 0 0 0 0 1 0 0 0 0 1
1 1 1
NotShiny

0000000000000000000000001aebb893
__Meshes__\g11613_rock1_LOD0Shape.mesh
1 0 0 0 0 1 0 0 0 0 1 0 0 0 0 1
1 1 1
NotShiny

0000000000000000000000006945c1f8
__Meshes__\g11613_rock2_LOD0Shape.mesh
1 0 0 0 0 1 0 0 0 0 1 0 0 0 0 1
1 1 1
NotShiny

0000000000000000000000005d65916f
__Meshes__\g11613_rock4_LOD0Shape.mesh
1 0 0 0 0 1 0 0 0 0 1 0 0 0 0 1
1 1 1
NotShiny

0000000000000000000000005de42d47
__Meshes__\g11613_cliff1_LOD0Shape.mesh
1 0 0 0 0 1 0 3.30872245e-024 0 0 1 0 0 0 0 1
1 1 1
NotShiny

0000000000000000000000005375dd9e
__Meshes__\g11613_cliff2_LOD0Shape.mesh
0.977497399 0.00191002828 0.210938662 3089.25854 0.00452578859 0.987972558 -0.0301292911 -1090.73706 -0.210898966 0.0300542135 0.977034867 12456.3066 0 0 0 1
1 1 1
NotShiny

0000000000000000000000006cbeeaeb
__Meshes__\g11613_cliff3_LODShape0.mesh
1 0 0 0 0 1 0 0 0 0 1 0 0 0 0 1
1 1 1
NotShiny

0000000000000000000000007e8e6529
__Meshes__\_polySurfaceShape1203617.mesh
1 0 0 0 0 1 0 0 0 0 1 0 0 0 0 1
1 1 1
NotShiny

0000000000000000000000004c31e0a7
__Meshes__\_polySurfaceShape1203616.mesh
1 0 0 0 0 1 0 0 0 0 1 0 0 0 0 1
1 1 1
NotShiny

00000000000000000000000018ce8b72
__Meshes__\_polySurfaceShape1203619.mesh
1 0 0 0 0 1 0 0 0 0 1 0 0 0 0 1
1 1 1
NotShiny

0000000000000000000000000ed3dda1
__Meshes__\g11613_cliff7_LODShape0.mesh
1 0 0 -222.390091 0 0.999822557 0.0188390594 657.295593 0 -0.0188390594 0.999822557 -326.489624 0 0 0 1
1 1 1
NotShiny

0000000000000000000000004912cf9a
__Meshes__\g11613_cliff8_LODShape0.mesh
0.999157369 5.42101086e-019 0.0431523435 1544.35449 -0.000756680092 0.999830067 0.0193674527 712.648743 -0.0410360172 -0.0184362791 1.05032921 3687.54272 0 0 0 1
1 1 1
NotShiny

00000000000000000000000012f588a1
__Meshes__\g11613_trunk_LOD1Shape.mesh
1 0 0 0 0 1 0 0 0 0 1 0 0 0 0 1
1 1 1
NotShiny

00000000000000000000000023110453
__Meshes__\polySurfaceShape1733.mesh
1 0 0 0 0 1 0 0 0 0 1 0 0 0 0 1
1 1 1
NotShiny

0000000000000000000000005c1cafc5
__Meshes__\polySurfaceShape1742.mesh
1 0 0 0 0 1 0 0 0 0 1 0 0 0 0 1
1 1 1
NotShiny

000000000000000000000000419f1a31
__Meshes__\g11613_ruin_LOD1Shape.mesh
1 0 0 0 0 1 0 0 0 0 1 0 0 0 0 1
1 1 1
NotShiny

000000000000000000000000655d02b0
__Meshes__\polySurfaceShape1819.mesh
1 0 0 0 0 1 0 0 0 0 1 0 0 0 0 1
1 1 1
NotShiny

0000000000000000000000005675b933
__Meshes__\g11613_rock2_LOD1Shape.mesh
1 0 0 0 0 1 0 0 0 0 1 0 0 0 0 1
1 1 1
NotShiny

00000000000000000000000068987c17
__Meshes__\g11613_rock3_01_LOD1Shape.mesh
1 0 0 0 0 1 0 0 0 0 1 0 0 0 0 1
1 1 1
NotShiny

00000000000000000000000031e0f30e
__Meshes__\g11613_rock3_02_LODShape1.mesh
1 0 0 0 0 1 0 0 0 0 1 0 0 0 0 1
1 1 1
NotShiny

0000000000000000000000001257b6be
__Meshes__\g11613_rock3_03_LOD1Shape.mesh
1 0 0 0 0 1 0 0 0 0 1 0 0 0 0 1
1 1 1
NotShiny

00000000000000000000000022341a29
__Meshes__\polySurfaceShape1787.mesh
1 0 0 0 0 1 0 0 0 0 1 0 0 0 0 1
1 1 1
NotShiny

000000000000000000000000196392bd
__Meshes__\g11613_cliff1_LOD1Shape.mesh
1 0 0 0 0 1 0 0 0 0 1 0 0 0 0 1
1 1 1
NotShiny

0000000000000000000000001c6ff6ea
__Meshes__\polySurfaceShape1816.mesh
1 0 0 0 0 1 0 0 0 0 1 0 0 0 0 1
1 1 1
NotShiny

0000000000000000000000006672faf8
__Meshes__\polySurfaceShape1810.mesh
1 0 0 0 0 1 0 0 0 0 1 0 0 0 0 1
1 1 1
NotShiny

00000000000000000000000005bead5e
__Meshes__\polySurfaceShape1772.mesh
1 0 0 0 0 1 0 0 0 0 1 0 0 0 0 1
1 1 1
NotShiny

0000000000000000000000005328af74
__Meshes__\polySurfaceShape1775.mesh
1 0 0 0 0 1 0 0 0 0 1 0 0 0 0 1
1 1 1
NotShiny

0000000000000000000000003e9c1a49
__Meshes__\polySurfaceShape1766.mesh
1 0 0 0 0 1 0 0 0 0 1 0 0 0 0 1
1 1 1
NotShiny

00000000000000000000000043c926a7
__Meshes__\polySurfaceShape1769.mesh
1 0 0 0 0 1 0 0 0 0 1 0 0 0 0 1
1 1 1
NotShiny

000000000000000000000000425a0660
__Meshes__\polySurfaceShape1778.mesh
1 0 0 0 0 1 0 0 0 0 1 0 0 0 0 1
1 1 1
NotShiny

0000000000000000000000001db50f58
__Meshes__\rock1_2Shape.mesh
1 0 0 0 0 1 0 0 0 0 1 0 0 0 0 1
1 1 1
NotShiny

00000000000000000000000035a81d7d
__Meshes_