6691 0.02107202
0.6252316 0.8636691 0.02107202
0.6806558 0.8636691 0.02107202
0.7388448 0.8636691 0.02107202
0.7998369 0.8636691 0.02107202
0.8636691 0.8636691 0.02107202
0.9303782 0.8636691 0.02107202
1 0.8636691 0.02107202
0 0.9303782 0.02107202
0.002418731 0.9303782 0.02107202
0.005155668 0.9303782 0.02107202
0.009080105 0.9303782 0.02107202
0.01434988 0.9303782 0.02107202
0.02107202 0.9303782 0.02107202
0.02934285 0.9303782 0.02107202
0.03925039 0.9303782 0.02107202
0.05087609 0.9303782 0.02107202
0.06429595 0.9303782 0.02107202
0.07958143 0.9303782 0.02107202
0.0968001 0.9303782 0.02107202
0.1160161 0.9303782 0.02107202
0.1372908 0.9303782 0.02107202
0.1606827 0.9303782 0.02107202
0.1862481 0.9303782 0.02107202
0.2140411 0.9303782 0.02107202
0.2441142 0.9303782 0.02107202
0.2765176 0.9303782 0.02107202
0.3113005 0.9303782 0.02107202
0.3485102 0.9303782 0.02107202
0.388193 0.9303782 0.02107202
0.4303934 0.9303782 0.02107202
0.4751555 0.9303782 0.02107202
0.5225216 0.9303782 0.02107202
0.5725335 0.9303782 0.02107202
0.6252316 0.9303782 0.02107202
0.6806558 0.9303782 0.02107202
0.7388448 0.9303782 0.02107202
0.7998369 0.9303782 0.02107202
0.8636691 0.9303782 0.02107202
0.9303782 0.9303782 0.02107202
1 0.9303782 0.02107202
0 1 0.02107202
0.002418731 1 0.02107202
0.005155668 1 0.02107202
0.009080105 1 0.02107202
0.01434988 1 0.02107202
0.02107202 1 0.02107202
0.02934285 1 0.02107202
0.03925039 1 0.02107202
0.05087609 1 0.02107202
0.06429595 1 0.02107202
0.07958143 1 0.02107202
0.0968001 1 0.02107202
0.1160161 1 0.02107202
0.1372908 1 0.02107202
0.1606827 1 0.02107202
0.1862481 1 0.02107202
0.2140411 1 0.02107202
0.2441142 1 0.02107202
0.2765176 1 0.02107202
0.3113005 1 0.02107202
0.3485102 1 0.02107202
0.388193 1 0.02107202
0.4303934 1 0.02107202
0.4751555 1 0.02107202
0.5225216 1 0.02107202
0.5725335 1 0.02107202
0.6252316 1 0.02107202
0.6806558 1 0.02107202
0.7388448 1 0.02107202
0.7998369 1 0.02107202
0.8636691 1 0.02107202
0.9303782 1 0.02107202
1 1 0.02107202
0 0 0.02934285
0.002418731 0 0.02934285
0.005155668 0 0.02934285
0.009080105 0 0.02934285
0.01434988 0 0.02934285
0.02107202 0 0.02934285
0.02934285 0 0.02934285
0.03925039 0 0.02934285
0.05087609 0 0.02934285
0.06429595 0 0.02934285
0.07958143 0 0.02934285
0.0968001 0 0.02934285
0.1160161 0 0.02934285
0.1372908 0 0.02934285
0.1606827 0 0.02934285
0.1862481 0 0.02934285
0.2140411 0 0.02934285
0.2441142 0 0.02934285
0.2765176 0 0.02934285
0.3113005 0 0.02934285
0.3485102 0 0.02934285
0.388193 0 0.02934285
0.4303934 0 0.02934285
0.4751555 0 0.02934285
0.5225216 0 0.02934285
0.5725335 0 0.02934285
0.6252316 0 0.02934285
0.6806558 0 0.02934285
0.7388448 0 0.02934285
0.7998369 0 0.02934285
0.8636691 0 0.02934285
0.9303782 0 0.02934285
1 0 0.02934285
0 0.002418731 0.02934285
0.002418731 0.002418731 0.02934285
0.005155668 0.002418731 0.02934285
0.009080105 0.002418731 0.02934285
0.01434988 0.002418731 0.02934285
0.02107202 0.002418731 0.02934285
0.02934285 0.002418731 0.02934285
0.03925039 0.002418731 0.02934285
0.05087609 0.002418731 0.02934285
0.06429595 0.002418731 0.02934285
0.07958143 0.002418731 0.02934285
0.0968001 0.002418731 0.02934285
0.1160161 0.002418731 0.02934285
0.1372908 0.002418731 0.02934285
0.1606827 0.002418731 0.02934285
0.1862481 0.002418731 0.02934285
0.2140411 0.002418731 0.02934285
0.2441142 0.002418731 0.02934285
0.2765176 0.002418731 0.02934285
0.3113005 0.002418731 0.02934285
0.3485102 0.002418731 0.02934285
0.388193 0.002418731 0.02934285
0.4303934 0.002418731 0.02934285
0.4751555 0.002418731 0.02934285
0.5225216 0.002418731 0.02934285
0.5725335 0.002418731 0.02934285
0.6252316 0.002418731 0.02934285
0.6806558 0.002418731 0.02934285
0.7388448 0.002418731 0.02934285
0.7998369 0.002418731 0.02934285
0.8636691 0.002418731 0.02934285
0.9303782 0.002418731 0.02934285
1 0.002418731 0.02934285
0 0.005155668 0.02934285
0.002418731 0.005155668 0.02934285
0.005155668 0.005155668 0.02934285
0.009080105 0.005155668 0.02934285
0.01434988 0.005155668 0.02934285
0.02107202 0.005155668 0.02934285
0.02934285 0.005155668 0.02934285
0.03925039 0.005155668 0.02934285
0.05087609 0.005155668 0.02934285
0.06429595 0.005155668 0.02934285
0.07958143 0.005155668 0.02934285
0.0968001 0.005155668 0.02934285
0.1160161 0.005155668 0.02934285
0.1372908 0.005155668 0.02934285
0.1606827 0.005155668 0